usb_storage_path: ""
logging_folder: "logs"

udp_server:
  ip: "255.255.255.255"
  port: 50000

defaults:
  broadcast_frequency: 10.0
  frame: ENU
  marker_size: 0.1
  screen_width: 1920
  screen_height: 1080

camera:
  matrix:
    - [2.674532262060118228e+03,0.000000000000000000e+00,9.579964240399596065e+02]
    - [0.000000000000000000e+00,2.427918633698067424e+03,5.404443790502784850e+02]
    - [0.000000000000000000e+00,0.000000000000000000e+00,1.000000000000000000e+00]
  distortion:
    [-5.123871408173726882e-01,-2.061726865543388243e+00,2.840772226090913875e-03,9.211931814207215130e-03,9.598679817882775467e+00]

markers:
  OK: 49
  CALIBRATION: 0
  BROADCAST_NEVER: 30
  BROADCAST_FREQ_1_HZ: 31
  BROADCAST_FREQ_2_HZ: 32
  BROADCAST_FREQ_5_HZ: 33
  BROADCAST_FREQ_10_HZ: 34
  BROADCAST_ALWAYS: 35
  FRAME_NED: 47
  FRAME_ENU: 46
  SHUTDOWN: 48
  PLATFORM_1: 1
  PLATFORM_2: 2
  PLATFORM_3: 3
  PLATFORM_4: 4
  PLATFORM_5: 5
